1184
0
0
2
-1.796484
-0.007120634
0.8879511
-0.5268235
1.728911
0.9212463
1.38966
0.9972369
0.8372288
1.444685
-1.054143
0.8921307
-0.5362303
-1.685387
0.9086336
-1.417788
1.080426
-0.8663422
0.5975947
1.746896
-0.8499998
1.756114
-0.03389199
-0.930433
0.5546044
-1.699588
-0.8929124
-1.497409
-1.099607
-0.9415631
0
0
-2
-0.21614
0.004529724
1.99228
-0.4214956
0.01650657
1.96674
-0.6251437
0.02619516
1.914045
-0.8331532
0.02485574
1.828625
-1.047148
0.004703868
1.706445
-1.249264
-0.01689676
1.55699
-1.428018
-0.02803853
1.400774
-1.582802
-0.03230796
1.234522
-1.710446
-0.02946304
1.059277
-0.08447434
0.193786
1.973405
-0.1844711
0.3674362
1.907848
-0.2711268
0.5470108
1.822205
-0.3314457
0.7436904
1.732892
-0.37352
0.9463388
1.643028
-0.4063496
1.143695
1.540744
-0.4370637
1.325498
1.422476
-0.4721926
1.480495
1.273918
-0.5056342
1.612023
1.102741
0.197387
0.1499529
2.007648
0.3729757
0.2759345
1.967258
0.5238528
0.3798401
1.887578
0.6692021
0.4816289
1.786375
0.8262907
0.5948756
1.678452
0.9898745
0.7169561
1.566961
1.134286
0.8245677
1.430712
1.228391
0.8895271
1.246438
1.302102
0.9390427
1.041551
0.1918746
-0.1152093
2.002095
0.3901486
-0.2192087
1.989259
0.5740238
-0.3331428
1.942398
0.7325663
-0.4629545
1.852582
0.8638577
-0.6047212
1.716951
0.975644
-0.7462835
1.549959
1.089405
-0.8646141
1.384657
1.211291
-0.9530126
1.226807
1.342388
-1.003991
1.07225
-0.07276937
-0.2146352
1.983277
-0.1435762
-0.4256034
1.943379
-0.2129653
-0.6315954
1.879493
-0.2784838
-0.8279454
1.794391
-0.3406538
-1.013605
1.686965
-0.4014777
-1.190398
1.556941
-0.4446661
-1.341807
1.418733
-0.4734423
-1.468257
1.269559
-0.5000724
-1.579407
1.10174
-1.775218
0.1822238
0.9233707
-1.707037
0.3926212
0.9671625
-1.592927
0.6296068
1.036687
-1.447827
0.8682374
1.102114
-1.320918
1.049909
1.098633
-1.205211
1.199525
1.072554
-1.072583
1.340736
1.03632
-0.8919574
1.495594
1.018062
-0.7199379
1.616464
0.9701704
-0.2947996
1.776269
0.9947532
-0.06317829
1.79037
1.042751
0.1432686
1.756783
1.058718
0.3445035
1.705089
1.067466
0.54682
1.636969
1.067588
0.7387642
1.545239
1.050117
0.9148448
1.428609
1.011704
1.104964
1.317611
0.9833973
1.24915
1.161864
0.9142138
1.473561
0.797581
0.8969391
1.562344
0.6091668
0.9568625
1.631688
0.4114565
1.000663
1.677762
0.20759
1.031726
1.67424
-0.02744399
1.019637
1.623072
-0.2873992
0.9689527
1.571134
-0.5261414
0.9413646
1.550109
-0.7083302
0.9469451
1.515245
-0.8796744
0.9312363
1.300521
-1.186344
0.9596387
1.134511
-1.310896
1.010571
0.9995336
-1.375784
1.088797
0.7775248
-1.489259
1.102134
0.5229408
-1.621284
1.047591
0.2764567
-1.714355
1.005781
0.05604159
-1.751516
0.9925197
-0.1453018
-1.750092
0.9777158
-0.3355322
-1.722832
0.9534453
-0.7377802
-1.594694
0.9520394
-0.943965
-1.502842
0.9655656
-1.128824
-1.383012
0.9758769
-1.305989
-1.248326
0.9687845
-1.446615
-1.073719
0.9739899
-1.557324
-0.8754464
0.9800953
-1.644816
-0.6633121
0.9791919
-1.67526
-0.4094357
1.0022
-1.742261
-0.2054949
0.9542099
-1.847431
0.1397235
0.7377657
-1.895063
0.2670398
0.562077
-1.940668
0.3693738
0.3622462
-1.961634
0.4660915
0.1538445
-1.930883
0.5854616
-0.03458843
-1.826321
0.7579616
-0.1527001
-1.740096
0.8750085
-0.315716
-1.638603
0.971147
-0.4893998
-1.531484
1.037678
-0.6778693
-0.4373874
1.820568
0.7416379
-0.3589539
1.874439
0.5392788
-0.268122
1.911288
0.3331815
-0.1451948
1.953793
0.1505041
6.664002E-08
2
0
0.1529782
2.029922
-0.1461262
0.2951892
2.020206
-0.3029771
0.4099326
1.958838
-0.4871147
0.506434
1.863102
-0.6757355
1.529083
0.9345608
0.6740615
1.653503
0.868657
0.5091733
1.744097
0.7795812
0.325765
1.799864
0.6671371
0.1254028
1.832765
0.5460806
-0.07368828
1.849712
0.4265231
-0.2639965
1.848029
0.3054461
-0.4497653
1.833395
0.1885905
-0.6236249
1.806436
0.07816026
-0.7817453
1.429581
-1.194087
0.7317418
1.389495
-1.327243
0.5554988
1.325456
-1.451275
0.3655077
1.238393
-1.563804
0.1637973
1.142236
-1.64919
-0.03228496
1.093834
-1.659333
-0.1693909
0.9654781
-1.709282
-0.3686936
0.8511685
-1.714568
-0.5392478
0.7095336
-1.715123
-0.7187088
-0.6756297
-1.704626
0.7502267
-0.8055481
-1.701487
0.5843629
-0.9301622
-1.682263
0.4061276
-1.053326
-1.653336
0.2114033
-1.180542
-1.623415
-0.005423279
-1.294774
-1.573811
-0.2209533
-1.384588
-1.492324
-0.4198991
-1.449787
-1.383516
-0.606625
-1.486645
-1.250667
-0.7804624
-1.821503
-0.0969547
0.7584321
-1.832503
-0.1941306
0.6129783
-1.841533
-0.305007
0.44598
-1.8448
-0.4252439
0.2612164
-1.836087
-0.5517765
0.06414892
-1.832153
-0.701981
-0.1655419
-1.779036
-0.8176608
-0.368856
-1.710801
-0.9260546
-0.5700944
-1.623593
-1.024361
-0.76572
-0.6785278
1.744791
0.7468939
-0.8064474
1.753905
0.5781409
-0.9232344
1.74393
0.4053281
-1.04627
1.700792
0.214653
-1.152407
1.638039
0.020987
-1.241246
1.559007
-0.1690665
-1.305428
1.468662
-0.3504818
-1.351502
1.362874
-0.5256135
-1.386542
1.235886
-0.6958863
1.386187
1.157547
0.688635
1.367506
1.306912
0.5339383
1.334732
1.443853
0.3746403
1.287417
1.565003
0.2100865
1.222762
1.663882
0.03891517
1.094009
1.69545
-0.1689248
1.020046
1.74585
-0.3430386
0.8922927
1.784855
-0.5077373
0.7530233
1.779163
-0.6807002
1.56435
-1.002766
0.7148928
1.664471
-0.9389577
0.5291964
1.75808
-0.8494918
0.3476238
1.849995
-0.7293843
0.1830673
1.91553
-0.6048121
0.01398099
1.921364
-0.5085254
-0.1927211
1.882237
-0.424781
-0.4133943
1.833796
-0.3232783
-0.6182576
1.795881
-0.1900298
-0.7910976
-0.4392154
-1.797198
0.7383924
-0.3544005
-1.900031
0.5454705
-0.2598511
-1.975127
0.3499135
-0.1374122
-2.006895
0.1694136
-3.332001E-08
-2
0
0.1239979
-1.979626
-0.1804869
0.2408511
-1.940447
-0.3633674
0.3580697
-1.874164
-0.5385473
0.4683667
-1.788685
-0.7116899
-1.286731
1.200257
-0.9472774
-1.148478
1.297501
-1.019879
-0.9274352
1.446326
-1.022475
-0.7119462
1.562903
-1.021652
-0.4866427
1.65799
-1.009399
-0.2750811
1.710328
-1.010066
-0.07823429
1.729271
-1.010878
0.1338286
1.741966
-0.9833618
0.3683866
1.756945
-0.9204472
0.7813675
1.637147
-0.9090912
0.9422262
1.49522
-0.9703349
1.142324
1.379488
-0.9712957
1.240388
1.174705
-1.042561
1.330792
0.9575522
-1.092001
1.45574
0.7752671
-1.081775
1.570091
0.5902239
-1.053725
1.658062
0.3902869
-1.020336
1.726213
0.1878367
-0.972318
1.708255
-0.2480485
-0.9883759
1.658358
-0.4404412
-1.014635
1.612395
-0.6104951
-1.017479
1.547781
-0.7686502
-1.004566
1.430366
-0.9414005
-0.9932166
1.263896
-1.142239
-1.013596
1.086476
-1.328803
-1.023724
0.8699961
-1.521696
-1.039931
0.7112374
-1.623881
-0.9733383
0.3539219
-1.71363
-0.9373367
0.1480436
-1.70709
-0.968263
-0.05943714
-1.680336
-0.9874542
-0.2554798
-1.623084
-0.9846107
-0.4578752
-1.549183
-0.9763079
-0.6774456
-1.478138
-0.9823336
-0.9063995
-1.415247
-0.9996896
-1.12749
-1.339597
-1.004984
-1.328438
-1.237733
-0.9894506
-1.584985
-0.9039628
-0.9960406
-1.654404
-0.6969986
-1.039574
-1.657969
-0.4376629
-1.024236
-1.696433
-0.2258831
-1.049539
-1.720763
-0.01783602
-1.068492
-1.729507
0.1829572
-1.080147
-1.701008
0.3958574
-1.070347
-1.620876
0.6389024
-1.008555
-1.524729
0.8698165
-0.9361676
-0.1550273
0.1479289
-1.970999
-0.298142
0.3041551
-1.906142
-0.4531189
0.4502659
-1.827412
-0.6285042
0.5672237
-1.752416
-0.8161067
0.6522905
-1.673931
-0.9972133
0.7250286
-1.574518
-1.15432
0.8029253
-1.446294
-1.268652
0.8967119
-1.278839
-1.352105
0.9927098
-1.080649
0.03650181
0.1832759
-2.013698
0.09821501
0.3860596
-1.984542
0.1652416
0.5900143
-1.922774
0.2238348
0.779543
-1.842849
0.2695551
0.9472168
-1.750168
0.3267474
1.117188
-1.63091
0.404504
1.301727
-1.460135
0.4897629
1.484563
-1.253092
0.5627096
1.64163
-1.041403
0.1956105
-0.02388016
-2.007596
0.4136118
-0.02665704
-1.973983
0.6363318
-0.01686412
-1.90562
0.8409376
-0.0161301
-1.821724
1.014866
-0.03473499
-1.733466
1.195664
-0.04045632
-1.612576
1.378223
-0.02395012
-1.451826
1.539294
-0.01053866
-1.276062
1.664552
-0.01556527
-1.10294
0.08489577
-0.1957439
-1.974509
0.1521392
-0.4027002
-1.936082
0.2096288
-0.6123763
-1.882591
0.2677565
-0.812199
-1.804162
0.3276315
-0.997319
-1.698791
0.3790735
-1.174498
-1.57644
0.4139836
-1.347692
-1.444526
0.4456247
-1.502252
-1.291886
0.4857705
-1.627335
-1.112978
-0.126063
-0.08655038
-1.948708
-0.2904111
-0.1938596
-1.883362
-0.4987201
-0.3499773
-1.851358
-0.7076001
-0.5202062
-1.824994
-0.871399
-0.6397167
-1.720894
-0.9885361
-0.7160897
-1.567947
-1.077651
-0.7649051
-1.379293
-1.22751
-0.8806753
-1.236228
-1.384666
-1.016149
-1.11702
-0.3042729
0.1968563
1.956097
-0.515369
0.2058153
1.917732
-0.4083771
0.3720116
1.883019
-0.7214379
0.2149833
1.854596
-0.6117188
0.3926526
1.842098
-0.4952271
0.5602239
1.794602
-0.9286606
0.2157345
1.759638
-0.8004486
0.4191295
1.781435
-0.6841353
0.5975429
1.757729
-0.5553027
0.7626274
1.700979
-1.102754
0.2406167
1.669548
-0.9382199
0.4350764
1.68762
-0.8534852
0.6391969
1.699912
-0.7361753
0.8070723
1.660386
-0.603379
0.9594578
1.592567
-1.31326
0.2105623
1.49179
-1.154648
0.4752459
1.597901
-1.005058
0.6963914
1.627828
-0.9019139
0.8507429
1.588022
-0.7923514
0.997426
1.53
-0.6479303
1.141598
1.456784
-1.502458
0.1860252
1.302834
-1.367702
0.4413718
1.400426
-1.211961
0.6897034
1.474069
-1.079656
0.8797325
1.469146
-0.9722652
1.028852
1.426116
-0.8530308
1.164699
1.364155
-0.6888366
1.307693
1.301089
-1.662723
0.1714981
1.10908
-1.559911
0.40543
1.178491
-1.414831
0.6623258
1.270708
-1.269491
0.8811005
1.304175
-1.155023
1.042133
1.276983
-1.041053
1.183596
1.232993
-0.8993117
1.320645
1.180249
-0.7208627
1.459719
1.130948
0.1142017
0.3445058
1.971072
0.02605534
0.5304507
1.903792
0.2869815
0.4695035
1.921486
-0.060489
0.7092792
1.802268
0.2162763
0.6760787
1.861692
0.4501917
0.587112
1.841826
-0.09922745
0.934062
1.73672
0.169941
0.9024585
1.802278
0.4036175
0.8182005
1.794346
0.6148337
0.7077726
1.744441
-0.1297585
1.156738
1.661154
0.125815
1.122277
1.714101
0.3746639
1.060873
1.733748
0.584338
0.9534288
1.698466
0.7811129
0.8310843
1.63325
-0.1571506
1.365662
1.560262
0.08274826
1.327299
1.600127
0.3270121
1.275762
1.625579
0.547053
1.186126
1.610284
0.7432204
1.069507
1.561705
0.9338467
0.9436263
1.496593
-0.1964514
1.537509
1.406319
0.07109483
1.522192
1.458972
0.2819464
1.473972
1.480758
0.4980158
1.395247
1.475933
0.6945601
1.288991
1.443724
0.8765613
1.163971
1.389212
1.061531
1.034704
1.32731
-0.2475889
1.668778
1.209056
0.007620054
1.676988
1.267821
0.2224582
1.636212
1.288124
0.4323342
1.571456
1.293524
0.6308746
1.481781
1.278977
0.8129125
1.367646
1.240605
0.9864401
1.239137
1.187732
1.153894
1.097422
1.123121
0.3872744
0.03150146
1.999999
0.5651724
0.1566805
1.947056
0.5823062
-0.08021192
1.967293
0.7121701
0.2552782
1.853247
0.7541704
0.0362858
1.899772
0.7669442
-0.1970155
1.906433
0.8597269
0.3571023
1.741912
0.9092044
0.1407466
1.797871
0.9395567
-0.08189373
1.824872
0.9296227
-0.3247189
1.809198
1.040977
0.4926286
1.641176
1.078787
0.2623259
1.690997
1.101669
0.02865182
1.717265
1.111596
-0.200926
1.720637
1.072139
-0.4563076
1.674975
1.197409
0.6075511
1.506786
1.241811
0.3802229
1.559635
1.267528
0.1461969
1.589062
1.272701
-0.09153771
1.593906
1.244325
-0.3406181
1.564211
1.174487
-0.6069537
1.484146
1.31114
0.6867173
1.326311
1.376812
0.4759021
1.388823
1.415811
0.2522403
1.427311
1.423427
0.01445699
1.436247
1.397141
-0.2358935
1.411149
1.340768
-0.4934595
1.353868
1.272943
-0.7405589
1.285514
1.389269
0.7402851
1.114167
1.472791
0.5434145
1.17894
1.534916
0.3388064
1.227568
1.560049
0.115364
1.248011
1.537871
-0.1341322
1.22486
1.485406
-0.3915093
1.176643
1.433216
-0.6290574
1.13683
1.390053
-0.8312249
1.107668
0.121085
-0.3295714
1.978476
0.3114055
-0.4448563
1.948692
0.05056195
-0.5426371
1.929543
0.4807995
-0.5766641
1.87532
0.2263867
-0.6762907
1.87264
-0.03635487
-0.769056
1.837447
0.6253023
-0.7224268
1.754053
0.3810919
-0.8241656
1.769696
0.1390838
-0.9049614
1.766891
-0.1145348
-0.9800393
1.727679
0.7564526
-0.8647877
1.605326
0.5266644
-0.9690936
1.6385
0.293727
-1.054397
1.651743
0.05281293
-1.128406
1.633521
-0.186884
-1.177237
1.60081
0.8904953
-0.9838935
1.455814
0.6853939
-1.084747
1.507511
0.4637155
-1.176539
1.530172
0.2277545
-1.258869
1.523449
-0.01926878
-1.315876
1.50456
-0.2369404
-1.344944
1.466797
1.034659
-1.07195
1.305313
0.85572
-1.167864
1.371301
0.6506653
-1.261512
1.406103
0.4188946
-1.355572
1.404366
0.1730374
-1.439648
1.376539
-0.05509016
-1.478306
1.354339
-0.2702844
-1.485639
1.31935
1.185843
-1.127411
1.148782
1.024747
-1.22825
1.216582
0.8383029
-1.320547
1.266403
0.6092062
-1.427215
1.268825
0.3605818
-1.532073
1.23316
0.1182078
-1.602322
1.201222
-0.09913085
-1.621583
1.179838
-0.2984042
-1.608356
1.150344
-0.2913398
-0.2120194
1.966203
-0.3684725
-0.4292981
1.912192
-0.507181
-0.2090743
1.924951
-0.4368512
-0.6342561
1.841381
-0.5927447
-0.434608
1.853254
-0.7225145
-0.2105434
1.85414
-0.4896916
-0.8188441
1.757894
-0.6560624
-0.6340706
1.777985
-0.8121656
-0.4402417
1.767693
-0.938365
-0.221116
1.748371
-0.5377071
-0.9936908
1.65081
-0.6949581
-0.8052101
1.693658
-0.8680086
-0.6313381
1.687472
-0.9890677
-0.444362
1.657269
-1.136139
-0.2236806
1.628858
-0.6024216
-1.173672
1.502177
-0.740443
-0.9767336
1.576742
-0.9049581
-0.798034
1.591035
-1.047134
-0.6001564
1.593395
-1.203523
-0.4288756
1.538857
-1.331828
-0.2370583
1.47443
-0.653356
-1.331145
1.338777
-0.8192787
-1.17022
1.395405
-0.9710181
-0.9883592
1.437549
-1.122605
-0.8083515
1.440982
-1.271682
-0.6336598
1.40831
-1.400754
-0.4450879
1.362435
-1.502908
-0.2405779
1.30712
-0.6923828
-1.465563
1.1606
-0.8845551
-1.343684
1.192848
-1.064475
-1.205974
1.205417
-1.224106
-1.044335
1.207923
-1.358465
-0.8572578
1.210737
-1.476172
-0.6593971
1.197315
-1.572689
-0.4510004
1.169589
-1.648741
-0.237724
1.125392
-1.873153
0.04234526
0.5984357
-1.894327
-0.07020337
0.4313763
-1.923655
0.1613894
0.4072924
-1.910741
-0.1951746
0.2424938
-1.957438
0.03030443
0.2221829
-1.977746
0.2507628
0.1899884
-1.912048
-0.3243913
0.04264793
-1.981515
-0.1119773
0.01153303
-2.007878
0.1144471
-0.009905051
-2.00089
0.3386247
-0.03352205
-1.917945
-0.4781479
-0.1852615
-1.988966
-0.2602897
-0.2121765
-2.030559
-0.03808326
-0.2365475
-1.987617
0.2341165
-0.2137309
-1.923763
0.4952385
-0.1893468
-1.873201
-0.6007728
-0.3953244
-1.955904
-0.3904288
-0.428506
-2.015368
-0.1764451
-0.4561171
-2.016297
0.04542422
-0.4806187
-1.962675
0.323684
-0.4447388
-1.869612
0.5950521
-0.3926718
-1.8015
-0.7110831
-0.6000674
-1.880928
-0.4987508
-0.6333037
-1.940097
-0.2851422
-0.6632734
-1.971171
-0.06666709
-0.6849691
-1.951799
0.1721738
-0.6843189
-1.888141
0.4246315
-0.6542541
-1.777337
0.6999111
-0.5775017
-1.710366
-0.8155254
-0.8043799
-1.779942
-0.6001135
-0.8375977
-1.825338
-0.3757122
-0.8588144
-1.849144
-0.1485104
-0.8698425
-1.858166
0.07101061
-0.8782724
-1.837709
0.2921599
-0.8763739
-1.770033
0.5344297
-0.8385363
-1.659487
0.7948585
-0.7562715
-0.5976053
1.822334
0.5556569
-0.7340076
1.818662
0.3747319
-0.5234861
1.866015
0.3430004
-0.8538171
1.79768
0.1909517
-0.6662706
1.850864
0.1515108
-0.4323023
1.890904
0.1252178
-0.9626356
1.753303
0.0007454087
-0.7825569
1.823489
-0.03665088
-0.5740274
1.865052
-0.07319414
-0.3028401
1.923316
-0.06595325
-1.058909
1.686087
-0.193037
-0.8570527
1.791563
-0.2095998
-0.6642287
1.847404
-0.2443373
-0.4207968
1.904691
-0.2505713
-0.1327121
1.983774
-0.1981777
-1.14429
1.593004
-0.3910601
-0.9354656
1.72242
-0.4003919
-0.7275342
1.812395
-0.4174921
-0.4920338
1.892185
-0.4127347
-0.2325633
1.963707
-0.3812273
0.03457554
2.009317
-0.3404263
-1.212102
1.479507
-0.5853123
-1.033055
1.595304
-0.6222735
-0.801344
1.728676
-0.6119503
-0.555139
1.842659
-0.5863858
-0.3090669
1.919536
-0.5659003
-0.07147977
1.95648
-0.5511343
0.1659181
1.968706
-0.5238743
-1.258614
1.349276
-0.7707622
-1.102681
1.454368
-0.8280181
-0.8901565
1.582185
-0.8393082
-0.6412365
1.721071
-0.8017548
-0.3935595
1.818887
-0.7740918
-0.171141
1.85913
-0.7743062
0.04084524
1.86948
-0.7664863
0.2709864
1.877029
-0.7269727
1.529713
1.10385
0.5326073
1.513567
1.25962
0.3841105
1.646484
1.033025
0.3630298
1.480897
1.398103
0.2249171
1.623577
1.182823
0.2086979
1.723637
0.9320937
0.1655759
1.424241
1.5096
0.0484963
1.580401
1.311001
0.03876978
1.690342
1.073223
0.001809318
1.767967
0.810031
-0.04920736
1.289941
1.546107
-0.1801571
1.472237
1.379166
-0.1819719
1.625237
1.184308
-0.186472
1.731543
0.9508532
-0.212305
1.793705
0.6834726
-0.2584466
1.187945
1.604869
-0.3687803
1.366376
1.443154
-0.385843
1.530481
1.265776
-0.3908555
1.663356
1.061254
-0.3979412
1.745221
0.8155571
-0.4312406
1.799482
0.5539497
-0.4597469
1.068347
1.64008
-0.5555633
1.240796
1.483157
-0.5889351
1.401055
1.311544
-0.6079951
1.546045
1.125086
-0.6150958
1.656852
0.9104862
-0.6276182
1.733198
0.6714194
-0.6455588
1.789876
0.4267943
-0.6468208
0.9387622
1.656391
-0.73258
1.098383
1.500207
-0.7856685
1.245832
1.328293
-0.8261023
1.384797
1.144866
-0.8501835
1.51171
0.9514929
-0.8586723
1.618052
0.744708
-0.8565691
1.704872
0.5294781
-0.8414414
1.768817
0.3070187
-0.8154211
1.542886
-1.139695
0.5494872
1.643453
-1.065798
0.3633916
1.500152
-1.265635
0.3705293
1.734049
-0.9681925
0.1800598
1.602284
-1.178585
0.1859822
1.433213
-1.381718
0.1768229
1.810168
-0.8510327
0.0005398159
1.689411
-1.070862
0.0007665953
1.534702
-1.281507
-0.00691779
1.343722
-1.483879
-0.02789968
1.84497
-0.7415092
-0.1989688
1.745011
-0.9586548
-0.1977336
1.621758
-1.157892
-0.1899722
1.463529
-1.349678
-0.189077
1.283811
-1.520301
-0.1850794
1.831057
-0.6436259
-0.417348
1.763806
-0.8448012
-0.4082225
1.67234
-1.032285
-0.3914449
1.536509
-1.221623
-0.3826477
1.367201
-1.40365
-0.3807635
1.183796
-1.560108
-0.3690304
1.790271
-0.5367075
-0.6304541
1.746178
-0.7262629
-0.6222408
1.687947
-0.9000441
-0.602035
1.583395
-1.075838
-0.5806169
1.424927
-1.264226
-0.5788645
1.240712
-1.443824
-0.582949
1.054292
-1.58967
-0.5644912
1.749227
-0.4049312
-0.82341
1.707501
-0.5930593
-0.8272299
1.667119
-0.7600157
-0.8135239
1.591392
-0.9214697
-0.7892241
1.449618
-1.105953
-0.7797398
1.261367
-1.311565
-0.8068505
1.066934
-1.49166
-0.8144793
0.8846711
-1.622884
-0.7791484
-0.5687267
-1.803738
0.5820171
-0.4703806
-1.892047
0.3914101
-0.6925175
-1.789569
0.4153897
-0.3616636
-1.950106
0.1989549
-0.5857586
-1.865137
0.2236517
-0.8193505
-1.765707
0.2274055
-0.2369255
-1.971349
0.01284182
-0.472629
-1.912831
0.02526262
-0.71305
-1.835214
0.02527813
-0.9531419
-1.741541
0.01114202
-0.1179065
-1.973912
-0.1834247
-0.3516127
-1.930823
-0.1758951
-0.5880949
-1.864803
-0.1725088
-0.8284928
-1.784263
-0.1823932
-1.074047
-1.696974
-0.2081727
-0.00940905
-1.960471
-0.3904074
-0.2373133
-1.929726
-0.3895206
-0.458625
-1.866705
-0.3783821
-0.6881261
-1.78872
-0.3768698
-0.929994
-1.710072
-0.3946886
-1.174938
-1.624946
-0.4194699
0.1047351
-1.914498
-0.5893698
-0.1268772
-1.903006
-0.6069093
-0.3356131
-1.84654
-0.5953447
-0.5453579
-1.766611
-0.5802309
-0.77512
-1.687164
-0.5864346
-1.023856
-1.620914
-0.6126931
-1.256481
-1.527552
-0.6245529
0.2339009
-1.823533
-0.7635458
0.001277974
-1.830725
-0.803383
-0.2081966
-1.79003
-0.8058808
-0.406135
-1.717429
-0.7895659
-0.6183072
-1.635777
-0.7826615
-0.8529121
-1.566955
-0.7999304
-1.090453
-1.497547
-0.8177028
-1.309242
-1.398902
-0.8173162
-1.488186
1.195772
-0.4998985
-1.449397
1.314705
-0.3285243
-1.586916
1.128858
-0.307406
-1.404619
1.407379
-0.1544136
-1.549891
1.234106
-0.1374489
-1.684288
1.028026
-0.1224159
-1.319925
1.500009
0.04156907
-1.470655
1.340853
0.06451696
-1.630737
1.136515
0.06699672
-1.792861
0.8721596
0.0231005
-1.233102
1.565816
0.2334384
-1.401054
1.408626
0.2488176
-1.562457
1.220398
0.253117
-1.724444
0.9832373
0.2234143
-1.872155
0.7093536
0.1654576
-1.114419
1.621919
0.4374139
-1.297009
1.469353
0.4518255
-1.46616
1.291249
0.4546112
-1.623648
1.083419
0.4418387
-1.776695
0.8310015
0.3943278
-1.894112
0.5785603
0.3562852
-0.9917244
1.658297
0.6370394
-1.169587
1.509014
0.6553454
-1.340898
1.345546
0.6670201
-1.49389
1.163091
0.6679332
-1.637151
0.9520549
0.6537024
-1.779102
0.6961067
0.5940909
-1.87071
0.4629575
0.5634179
-0.8562667
1.646665
0.8046251
-1.044554
1.508074
0.8336727
-1.204723
1.364516
0.8650631
-1.349933
1.204197
0.88282
-1.475734
1.033074
0.8942503
-1.619581
0.8088049
0.8635356
-1.750592
0.5555637
0.7927293
-1.828226
0.3327341
0.755281
0.6592773
1.888622
-0.5012839
0.7909173
1.882131
-0.3269612
0.555486
1.973683
-0.3097497
0.9025458
1.847286
-0.1503756
0.6759266
1.950595
-0.1376194
0.4310591
2.021626
-0.1255971
0.9935452
1.782117
0.02511
0.7706065
1.890881
0.02916975
0.5442178
1.982966
0.04727084
0.2870871
2.024737
0.04501203
1.06184
1.68387
0.1956827
0.8323063
1.790413
0.1899993
0.6180764
1.8953
0.2044962
0.3917683
1.970255
0.2171687
0.1353929
1.991237
0.2012341
1.123561
1.571674
0.3731965
0.8924623
1.675206
0.3640842
0.6764748
1.78237
0.3735628
0.4628242
1.871807
0.3858972
0.2379795
1.929621
0.3898234
-0.006236362
1.94414
0.3735841
1.1814
1.45223
0.5582735
0.9789103
1.562975
0.5601299
0.7558694
1.673427
0.5744102
0.542174
1.765706
0.5853318
0.3267803
1.838271
0.5917951
0.1101551
1.887427
0.5921595
-0.1167028
1.902142
0.5773574
1.224916
1.316907
0.740944
1.056305
1.463553
0.7866386
0.8464765
1.565531
0.796964
0.6439325
1.664751
0.8152795
0.4302412
1.740193
0.8202945
0.2198662
1.80076
0.8202401
0.01512095
1.844492
0.8156489
-0.2021582
1.856207
0.7933325
1.851663
-0.06673348
-0.6263576
1.903173
-0.18183
-0.4313598
1.89018
0.06193928
-0.4415857
1.959853
-0.2675011
-0.2056464
1.957393
-0.03066914
-0.2222742
1.910799
0.1924979
-0.2456034
1.985505
-0.3552611
0.01964134
2.007492
-0.1152802
0.009575921
1.977486
0.1085459
-0.01393971
1.90554
0.3155256
-0.05026104
1.940404
-0.4785311
0.2071937
1.996606
-0.2259059
0.2212497
2.005518
0.01459152
0.2149054
1.953855
0.2260121
0.1832766
1.875383
0.4323254
0.1436163
1.842309
-0.6229294
0.3638451
1.913385
-0.3735183
0.3899073
1.962537
-0.1122088
0.4185438
1.960319
0.1276541
0.4152031
1.90147
0.335411
0.3803033
1.823086
0.5463604
0.3422792
1.731496
-0.7454107
0.5380532
1.787118
-0.5305077
0.5433897
1.847543
-0.2787045
0.5704163
1.892586
-0.008836478
0.6133991
1.878797
0.2262739
0.6097398
1.818541
0.4355865
0.5752068
1.738652
0.6460522
0.5361019
1.62827
-0.8248256
0.7360945
1.66267
-0.6429643
0.7367331
1.704823
-0.4274275
0.7385836
1.761902
-0.1695666
0.7725728
1.794538
0.09439156
0.8150574
1.76908
0.320767
0.8051227
1.703544
0.5252759
0.7665348
1.618531
0.7261114
0.718433
0.6203448
-1.798654
-0.534012
0.5096163
-1.875568
-0.3540406
0.7516026
-1.800635
-0.3581959
0.3891585
-1.934538
-0.1726522
0.6377292
-1.870832
-0.173585
0.856571
-1.794825
-0.1883159
0.2588335
-1.975465
0.008440833
0.5181385
-1.915815
0.02010134
0.7488117
-1.847786
0.011044
0.9496924
-1.764801
-0.01189172
0.1019842
-2.016258
0.1662765
0.3693398
-1.961241
0.1931955
0.6290315
-1.877471
0.2160961
0.8571908
-1.789861
0.2115544
1.047002
-1.697036
0.182569
-0.0470446
-2.017909
0.3372384
0.2020094
-1.996339
0.3467803
0.4728775
-1.91392
0.3898934
0.737344
-1.800645
0.4301012
0.9680248
-1.690875
0.4314263
1.142176
-1.595098
0.3890685
-0.1637363
-1.954609
0.5409072
0.06900679
-1.95676
0.5438778
0.3161754
-1.91393
0.565483
0.583568
-1.81178
0.6179985
0.8466333
-1.678787
0.665602
1.032206
-1.596813
0.6211364
1.220937
-1.47042
0.5938891
-0.2472424
-1.84801
0.7560099
-0.01373774
-1.880781
0.7582701
0.2038127
-1.82967
0.7999039
0.4404363
-1.770998
0.8228386
0.6969212
-1.657666
0.8744069
0.943033
-1.528096
0.8968466
1.095942
-1.461761
0.8237077
1.275046
-1.332532
0.7860458
-1.598356
-1.16577
-0.5971741
-1.672575
-1.058195
-0.3912858
-1.554063
-1.295367
-0.4210322
-1.728501
-0.9370201
-0.1737325
-1.623138
-1.18243
-0.2085176
-1.484401
-1.402174
-0.2308635
-1.758438
-0.7977362
0.05903407
-1.663418
-1.045202
0.03093996
-1.544352
-1.278309
-0.003962012
-1.383434
-1.473126
-0.01614152
-1.77924
-0.667262
0.271087
-1.699032
-0.9149902
0.2527393
-1.591225
-1.149916
0.2246929
-1.452666
-1.360235
0.200018
-1.270299
-1.526715
0.1989622
-1.788158
-0.5448503
0.466363
-1.729953
-0.7987508
0.4499602
-1.638809
-1.036974
0.4240793
-1.511477
-1.248371
0.4070026
-1.349148
-1.428338
0.3985288
-1.146927
-1.564458
0.4079376
-1.782522
-0.4248928
0.6471841
-1.736671
-0.6760473
0.6417266
-1.675779
-0.9287768
0.6068195
-1.565207
-1.144895
0.5944735
-1.415766
-1.329137
0.588752
-1.231321
-1.478017
0.5924002
-1.016768
-1.589899
0.6034662
-1.768378
-0.3115392
0.8089666
-1.717515
-0.5446143
0.8276464
-1.666917
-0.7914246
0.805921
-1.594703
-1.03167
0.7742152
-1.463758
-1.223511
0.7743353
-1.295595
-1.382333
0.7742694
-1.095596
-1.5031
0.7832496
-0.8925118
-1.614116
0.7721177
-0.1078262
0.3430788
-1.965313
-0.04314404
0.5502524
-1.922033
-0.2476372
0.5037146
-1.889138
0.02038106
0.7530607
-1.853487
-0.1957378
0.7047609
-1.844065
-0.4132369
0.6420618
-1.812001
0.05994647
0.9298642
-1.776899
-0.1503649
0.8936416
-1.779877
-0.3832279
0.8224957
-1.774578
-0.6077024
0.7401597
-1.741005
0.09352399
1.091305
-1.683284
-0.1226009
1.058607
-1.701293
-0.3529545
0.9943716
-1.710361
-0.5912731
0.9035028
-1.701862
-0.8084537
0.8133104
-1.655542
0.1581996
1.270352
-1.539449
-0.08515958
1.22531
-1.588333
-0.3108478
1.172811
-1.606442
-0.5473834
1.089592
-1.613871
-0.7773323
0.9923692
-1.597021
-0.9835138
0.8957765
-1.536975
0.2426644
1.459743
-1.343111
0.006401686
1.430531
-1.397352
-0.2442164
1.366592
-1.447803
-0.4727554
1.299367
-1.46153
-0.7040214
1.205696
-1.461853
-0.9192919
1.104872
-1.432734
-1.114367
0.9989553
-1.372299
0.3237119
1.63494
-1.124817
0.08587851
1.61029
-1.188175
-0.1617019
1.558526
-1.242011
-0.374206
1.51701
-1.248688
-0.598981
1.438975
-1.256268
-0.8226908
1.33453
-1.254009
-1.054469
1.196151
-1.245598
-1.211429
1.103912
-1.169523
0.237875
0.1612213
-2.013712
0.4588397
0.1588003
-1.96921
0.2963042
0.3619932
-1.979889
0.6831046
0.1689577
-1.890208
0.5145133
0.3551033
-1.930299
0.3635805
0.5658265
-1.911354
0.887814
0.1707734
-1.795893
0.7411043
0.365715
-1.84054
0.5887618
0.5644403
-1.848849
0.4359421
0.7654177
-1.812593
1.079671
0.1655534
-1.68597
0.9590045
0.3737076
-1.728858
0.8250095
0.5856216
-1.736172
0.6776492
0.7834229
-1.719559
0.5049499
0.9549784
-1.688017
1.27857
0.1804391
-1.530815
1.167093
0.3904552
-1.579028
1.050102
0.6062727
-1.591286
0.9172503
0.8111599
-1.581624
0.7563243
0.988467
-1.563912
0.576467
1.144157
-1.532946
1.463815
0.2012833
-1.345776
1.362184
0.4048762
-1.402295
1.249043
0.6108229
-1.431492
1.124108
0.8131313
-1.435365
0.9794387
0.999621
-1.42362
0.8190507
1.169851
-1.395541
0.6557824
1.333184
-1.337364
1.615825
0.2059059
-1.1569
1.52826
0.4066494
-1.213729
1.417984
0.6005695
-1.256002
1.294551
0.792061
-1.27689
1.162047
0.979702
-1.277364
1.060601
1.196963
-1.211876
0.8835679
1.341937
-1.194037
0.7340114
1.506577
-1.117846
0.2882293
-0.2122569
-1.969133
0.3637334
-0.4141282
-1.917381
0.5062606
-0.2146961
-1.925565
0.428877
-0.6200055
-1.84901
0.579625
-0.4211389
-1.867273
0.7212073
-0.2153225
-1.855143
0.4898323
-0.820277
-1.757815
0.6424145
-0.6320401
-1.791009
0.7851101
-0.4335562
-1.79595
0.9152386
-0.2281984
-1.772214
0.5439194
-1.013777
-1.645367
0.7006934
-0.8370174
-1.689467
0.8437273
-0.6499835
-1.71044
0.973599
-0.451795
-1.704137
1.094331
-0.2473573
-1.671305
0.5846124
-1.202901
-1.518597
0.7521853
-1.034442
-1.564572
0.9051438
-0.8527589
-1.590534
1.040431
-0.6638331
-1.597796
1.171661
-0.4561057
-1.572069
1.287049
-0.2392253
-1.520368
0.6122522
-1.383114
-1.375789
0.7913721
-1.224972
-1.423585
0.9638866
-1.040882
-1.440616
1.118922
-0.8478709
-1.442194
1.258574
-0.6417155
-1.42219
1.37386
-0.4338924
-1.389907
1.465598
-0.2249841
-1.343354
0.6462561
-1.53251
-1.199162
0.822116
-1.398594
-1.258143
1.022729
-1.204437
-1.253204
1.197397
-1.005351
-1.243163
1.352802
-0.7978355
-1.222206
1.464251
-0.6096737
-1.214662
1.541848
-0.4254103
-1.200565
1.605999
-0.2295026
-1.166418
-0.06371835
-0.2994865
-1.926278
-0.2469888
-0.4278099
-1.874794
-0.01414785
-0.5234275
-1.894247
-0.4539048
-0.5892391
-1.84304
-0.2009084
-0.6600355
-1.843969
0.03425997
-0.742987
-1.840187
-0.6352053
-0.727622
-1.764682
-0.3875432
-0.8019304
-1.777121
-0.1393918
-0.870891
-1.768726
0.09365378
-0.9431121
-1.749148
-0.7651308
-0.8147987
-1.621021
-0.5336134
-0.9048323
-1.65125
-0.29482
-0.9825336
-1.65798
-0.05966228
-1.0549
-1.647893
0.160787
-1.123251
-1.624133
-0.8716959
-0.8823883
-1.448771
-0.6519936
-0.9820995
-1.480748
-0.4277436
-1.074047
-1.504035
-0.203634
-1.157719
-1.510767
0.01231076
-1.240777
-1.509974
0.2128635
-1.301084
-1.485972
-1.005922
-0.9756812
-1.267558
-0.7921565
-1.076789
-1.304443
-0.566946
-1.165407
-1.325183
-0.3439261
-1.252265
-1.339438
-0.1314701
-1.333697
-1.346257
0.05422217
-1.417271
-1.353506
0.2540097
-1.468097
-1.331475
-1.180735
-1.118216
-1.142285
-0.9654358
-1.209449
-1.157627
-0.7378268
-1.286537
-1.159019
-0.5072231
-1.359529
-1.156981
-0.2883057
-1.437316
-1.163274
-0.08211369
-1.506736
-1.166513
0.09062173
-1.58507
-1.183789
0.290355
-1.616473
-1.157163
-0.2882625
0.06019773
-1.91368
-0.4578983
0.2028189
-1.849149
-0.4658323
-0.05340953
-1.843497
-0.632295
0.3341757
-1.772435
-0.6555714
0.06890568
-1.794943
-0.6892674
-0.2282899
-1.821342
-0.8123472
0.4437715
-1.69174
-0.8445246
0.1799736
-1.725037
-0.8792931
-0.1099713
-1.766906
-0.903146
-0.4023057
-1.787324
-0.9967256
0.5342693
-1.597672
-1.022837
0.2893511
-1.630552
-1.061071
0.01029697
-1.678148
-1.077266
-0.2627385
-1.693796
-1.047424
-0.4991121
-1.647089
-1.173219
0.6083549
-1.485145
-1.201202
0.3830514
-1.519258
-1.23853
0.1224064
-1.563161
-1.255651
-0.1373362
-1.581483
-1.233619
-0.3732551
-1.552865
-1.168373
-0.578653
-1.481233
-1.321987
0.691968
-1.334992
-1.366441
0.4698126
-1.380046
-1.403358
0.2296584
-1.417686
-1.420891
-0.01310874
-1.434596
-1.409464
-0.2470096
-1.422134
-1.368193
-0.4682887
-1.381851
-1.303455
-0.6762658
-1.316426
-1.43834
0.7807503
-1.150688
-1.510571
0.5529948
-1.211751
-1.558925
0.3221951
-1.251378
-1.575986
0.09891696
-1.262377
-1.56841
-0.1227576
-1.255045
-1.541928
-0.3452179
-1.233638
-1.502741
-0.5701711
-1.202937
-1.450639
-0.795203
-1.164549
0
0
2
0
0
2
0.197387
0.1499529
2.007648
0.3729757
0.2759345
1.967258
0.5651724
0.1566805
1.947056
0.7121701
0.2552782
1.853247
0.9092044
0.1407466
1.797871
1.078787
0.2623259
1.690997
1.267528
0.1461969
1.589062
1.415811
0.2522403
1.427311
1.560049
0.115364
1.248011
1.677762
0.20759
1.031726
0
0
2
0
0
2
1.806436
0.07816026
-0.7817453
1.726213
0.1878367
-0.972318
1.833395
0.1885905
-0.6236249
1.89018
0.06193928
-0.4415857
1.910799
0.1924979
-0.2456034
1.977486
0.1085459
-0.01393971
1.953855
0.2260121
0.1832766
1.960319
0.1276541
0.4152031
1.878797
0.2262739
0.6097398
1.794538
0.09439156
0.8150574
0
0
-2
0.03650181
0.1832759
-2.013698
0.237875
0.1612213
-2.013712
0.4588397
0.1588003
-1.96921
0.6831046
0.1689577
-1.890208
0.887814
0.1707734
-1.795893
1.079671
0.1655534
-1.68597
1.27857
0.1804391
-1.530815
1.463815
0.2012833
-1.345776
1.615825
0.2059059
-1.1569
0
0
-2
0
0
-2
0
0
-2
0.3729757
0.2759345
1.967258
0.2869815
0.4695035
1.921486
0.4501917
0.587112
1.841826
0.4036175
0.8182005
1.794346
0.6148337
0.7077726
1.744441
0.584338
0.9534288
1.698466
0.7432204
1.069507
1.561705
0.8765613
1.163971
1.389212
1.061531
1.034704
1.32731
0.9864401
1.239137
1.187732
1.153894
1.097422
1.123121
1.24915
1.161864
0.9142138
0.197387
0.1499529
2.007648
0.1918746
-0.1152093
2.002095
0.121085
-0.3295714
1.978476
0.05056195
-0.5426371
1.929543
-0.2129653
-0.6315954
1.879493
-0.4368512
-0.6342561
1.841381
-0.4896916
-0.8188441
1.757894
-0.5377071
-0.9936908
1.65081
-0.6024216
-1.173672
1.502177
-0.8192787
-1.17022
1.395405
-0.8845551
-1.343684
1.192848
-0.943965
-1.502842
0.9655656
-1.977746
0.2507628
0.1899884
-1.961634
0.4660915
0.1538445
-2.00089
0.3386247
-0.03352205
-2.007878
0.1144471
-0.009905051
-1.987617
0.2341165
-0.2137309
-2.030559
-0.03808326
-0.2365475
-2.016297
0.04542422
-0.4806187
-2.015368
-0.1764451
-0.4561171
-1.971171
-0.06666709
-0.6849691
-1.849144
-0.1485104
-0.8698425
-1.696433
-0.2258831
-1.049539
-0.8064474
1.753905
0.5781409
-0.7340076
1.818662
0.3747319
-0.5234861
1.866015
0.3430004
-0.4323023
1.890904
0.1252178
-0.3028401
1.923316
-0.06595325
-0.1451948
1.953793
0.1505041
1.386187
1.157547
0.688635
1.529083
0.9345608
0.6740615
1.529713
1.10385
0.5326073
1.513567
1.25962
0.3841105
1.480897
1.398103
0.2249171
1.287417
1.565003
0.2100865
1.500152
-1.265635
0.3705293
1.602284
-1.178585
0.1859822
1.433213
-1.381718
0.1768229
1.734049
-0.9681925
0.1800598
1.810168
-0.8510327
0.0005398159
1.238393
-1.563804
0.1637973
1.343722
-1.483879
-0.02789968
1.689411
-1.070862
0.0007665953
1.745011
-0.9586548
-0.1977336
1.142236
-1.64919
-0.03228496
1.621758
-1.157892
-0.1899722
1.67234
-1.032285
-0.3914449
1.583395
-1.075838
-0.5806169
1.449618
-1.105953
-0.7797398
1.430366
-0.9414005
-0.9932166
-0.8055481
-1.701487
0.5843629
-0.6925175
-1.789569
0.4153897
-0.4703806
-1.892047
0.3914101
-0.5857586
-1.865137
0.2236517
-0.3616636
-1.950106
0.1989549
-0.2369255
-1.971349
0.01284182
-3.332001E-08
-2
0
-1.894112
0.5785603
0.3562852
-1.776695
0.8310015
0.3943278
-1.637151
0.9520549
0.6537024
-0.9917244
1.658297
0.6370394
-1.169587
1.509014
0.6553454
-1.340898
1.345546
0.6670201
-1.49389
1.163091
0.6679332
1.222762
1.663882
0.03891517
1.06184
1.68387
0.1956827
0.8323063
1.790413
0.1899993
0.6180764
1.8953
0.2044962
0.3917683
1.970255
0.2171687
0.1353929
1.991237
0.2012341
1.38966
0.9972369
0.8372288
0.3580697
-1.874164
-0.5385473
0.2408511
-1.940447
-0.3633674
0.5096163
-1.875568
-0.3540406
0.6203448
-1.798654
-0.534012
0.7516026
-1.800635
-0.3581959
0.1239979
-1.979626
-0.1804869
0.9654781
-1.709282
-0.3686936
1.093834
-1.659333
-0.1693909
0.3891585
-1.934538
-0.1726522
0.6377292
-1.870832
-0.173585
0.856571
-1.794825
-0.1883159
0.7488117
-1.847786
0.011044
-0.1374122
-2.006895
0.1694136
0.6290315
-1.877471
0.2160961
0.1019842
-2.016258
0.1662765
0.2020094
-1.996339
0.3467803
0.4728775
-1.91392
0.3898934
-1.016768
-1.589899
0.6034662
-1.095596
-1.5031
0.7832496
-1.128824
-1.383012
0.9758769
-0.4531189
0.4502659
-1.827412
-0.4132369
0.6420618
-1.812001
-0.3832279
0.8224957
-1.774578
-0.1503649
0.8936416
-1.779877
-0.1226009
1.058607
-1.701293
0.3267474
1.117188
-1.63091
0.09352399
1.091305
-1.683284
-0.08515958
1.22531
-1.588333
0.8409376
-0.0161301
-1.821724
0.6831046
0.1689577
-1.890208
0.6831046
0.1689577
-1.890208
0.7411043
0.365715
-1.84054
0.5887618
0.5644403
-1.848849
0.6776492
0.7834229
-1.719559
0.7563243
0.988467
-1.563912
0.5049499
0.9549784
-1.688017
0.7212073
-0.2153225
-1.855143
0.9152386
-0.2281984
-1.772214
1.094331
-0.2473573
-1.671305
0.8437273
-0.6499835
-1.71044
0.973599
-0.451795
-1.704137
1.040431
-0.6638331
-1.597796
1.171661
-0.4561057
-1.572069
1.287049
-0.2392253
-1.520368
1.118922
-0.8478709
-1.442194
1.258574
-0.6417155
-1.42219
1.465598
-0.2249841
-1.343354
1.197397
-1.005351
-1.243163
1.352802
-0.7978355
-1.222206
1.605999
-0.2295026
-1.166418
1.547781
-0.7686502
-1.004566
1.612395
-0.6104951
-1.017479
1.658358
-0.4404412
-1.014635
1.708255
-0.2480485
-0.9883759
-0.6285042
0.5672237
-1.752416
-0.632295
0.3341757
-1.772435
-0.8445246
0.1799736
-1.725037
-1.061071
0.01029697
-1.678148
-1.23853
0.1224064
-1.563161
-1.255651
-0.1373362
-1.581483
-1.420891
-0.01310874
-1.434596
-1.56841
-0.1227576
-1.255045
Triangles
n = 6000
1004
1003
39
579
1095
584
584
1095
134
584
134
590
590
134
135
590
135
597
597
135
136
597
136
605
605
136
137
605
137
218
218
137
9
218
9
272
272
9
219
272
219
965
965
219
220
965
220
964
964
220
221
964
221
963
963
221
222
963
222
962
962
222
223
962
223
961
961
223
224
961
224
960
960
224
225
960
225
959
959
225
226
959
226
958
958
226
227
958
227
281
281
227
10
281
10
228
228
10
155
228
155
490
490
155
154
490
154
483
483
154
153
483
153
477
477
153
152
477
152
472
472
152
151
472
151
468
468
151
150
468
150
465
465
150
149
465
149
463
463
149
148
463
148
462
462
148
147
462
147
102
102
147
1
102
1
57
57
1
20
57
20
310
310
20
19
310
19
303
303
19
18
303
18
297
297
18
17
297
17
292
292
17
16
292
16
288
288
16
15
288
15
285
285
15
14
285
14
283
283
14
13
283
13
282
282
13
12
282
12
21
21
12
0
1075
157
498
498
157
156
498
156
111
111
156
2
111
2
66
66
2
29
66
29
346
346
29
28
346
28
339
339
28
27
339
27
333
333
27
26
333
26
328
328
26
25
328
25
324
324
25
24
324
24
321
321
24
23
321
23
319
319
23
22
319
22
318
318
22
21
318
21
30
30
21
1002
1042
1041
327
327
1041
33
327
33
34
34
33
360
34
360
364
364
360
365
364
365
370
370
365
371
370
371
377
1078
1077
114
114
1077
113
114
113
698
698
113
705
698
705
704
704
705
712
704
712
711
711
712
68
711
68
69
69
68
348
69
348
349
349
348
341
349
341
342
342
341
335
342
335
336
336
335
330
336
330
331
331
330
326
331
326
1043
1118
1119
696
1118
696
695
695
696
702
695
702
701
701
702
709
701
709
708
708
709
71
708
71
72
72
71
351
72
351
352
352
351
344
352
344
1047
1048
345
353
353
345
37
353
37
38
38
37
382
38
382
75
75
382
76
75
76
749
749
76
748
749
748
741
741
748
740
741
740
734
734
740
733
734
733
728
728
733
1022
728
1022
723
723
1022
1021
723
1021
1020
50
1054
49
49
1054
1053
49
1053
48
48
1053
39
48
39
1014
1
147
101
1
101
20
20
101
461
20
461
19
19
461
453
19
453
18
18
453
446
18
446
17
17
446
440
17
440
16
16
440
435
16
435
15
15
435
431
15
431
14
14
431
428
14
428
13
13
428
426
13
426
12
12
426
48
12
48
1015
428
431
430
430
431
434
430
434
433
433
434
438
433
438
437
437
438
443
437
443
442
442
443
449
442
449
1060
1060
449
456
1060
456
1061
1061
456
95
1061
95
1062
468
465
469
469
465
466
469
466
470
470
466
467
470
467
471
1063
1064
1065
1065
1064
106
1065
106
476
476
106
107
476
107
482
482
107
108
482
108
489
489
108
109
489
109
497
497
109
110
497
110
236
236
110
6
236
6
245
245
6
192
245
192
857
857
192
193
857
193
856
856
193
194
856
194
855
855
194
195
855
195
854
854
195
196
854
196
853
853
196
197
853
197
852
852
197
198
852
198
851
851
198
199
851
199
850
850
199
200
850
200
254
254
200
7
254
7
201
201
7
173
201
173
562
562
173
172
562
172
555
555
172
171
555
171
549
549
171
170
549
170
544
544
170
169
544
169
540
540
169
1085
540
1085
1084
472
468
473
473
468
469
473
469
474
474
469
470
474
470
475
75
749
120
120
749
121
120
121
1082
1082
121
536
1082
536
1083
1083
536
538
1083
538
1084
1084
538
541
1084
541
540
540
541
545
540
545
544
544
545
550
544
550
549
549
550
556
549
556
555
555
556
563
555
563
562
562
563
202
562
202
201
201
202
893
201
893
254
254
893
253
254
253
850
850
253
843
850
843
851
851
843
844
851
844
852
852
844
845
852
845
853
853
845
846
853
846
854
854
846
847
854
847
855
855
847
848
855
848
856
856
848
849
856
849
857
857
849
244
857
244
245
245
244
994
245
994
236
236
994
235
236
235
497
497
235
496
497
496
489
489
496
488
489
488
482
482
488
481
482
481
476
476
481
1067
476
1067
1065
1065
1067
1066
477
472
478
478
472
473
478
473
479
479
473
474
479
474
480
749
741
121
121
741
122
121
122
536
536
122
539
536
539
538
538
539
542
538
542
541
541
542
546
541
546
545
545
546
551
545
551
550
550
551
557
550
557
556
556
557
564
556
564
563
563
564
203
563
203
202
202
203
892
202
892
893
893
892
885
893
885
253
253
885
252
253
252
843
843
252
837
843
837
844
844
837
838
844
838
845
845
838
839
845
839
846
846
839
840
846
840
847
847
840
841
847
841
848
848
841
842
848
842
849
849
842
243
849
243
244
244
243
987
244
987
994
994
987
995
994
995
235
235
995
234
235
234
496
496
234
495
496
495
488
488
495
487
488
487
481
481
487
1069
481
1069
1067
1067
1069
1068
838
1146
839
839
1146
834
839
834
840
840
834
835
840
835
841
841
835
836
841
836
842
842
836
242
842
242
243
243
242
981
243
981
987
987
981
988
987
988
995
995
988
996
995
996
234
234
996
233
234
233
495
495
233
494
495
494
487
487
494
1071
487
1071
1069
1069
1071
1070
38
75
3
3
75
120
3
120
165
701
708
700
700
708
707
700
707
699
699
707
706
699
706
166
166
706
1080
166
1080
534
534
1080
1081
477
478
484
477
484
483
483
484
491
483
491
490
490
491
229
490
229
228
228
229
1001
228
1001
281
281
1001
280
281
280
958
958
280
951
958
951
959
959
951
952
959
952
960
960
952
953
960
953
961
961
953
954
961
954
962
962
954
955
962
955
963
963
955
956
963
956
964
964
956
957
964
957
965
965
957
271
965
271
272
272
271
922
272
922
218
218
922
217
218
217
605
605
217
604
605
604
597
597
604
596
597
596
590
590
596
589
590
589
584
584
589
583
584
583
579
579
583
578
579
578
575
575
578
1087
575
1087
1086
1090
1089
577
577
1089
1087
577
1087
578
579
575
1091
429
432
51
51
432
52
51
52
399
399
52
404
399
404
403
403
404
409
403
409
408
408
409
415
408
415
414
414
415
422
414
422
421
421
422
88
421
88
87
87
88
782
87
782
783
783
782
775
783
775
776
776
775
769
776
769
770
770
769
764
770
764
132
132
764
133
132
133
1092
211
210
598
211
598
599
599
598
591
599
591
592
592
591
585
592
585
586
586
585
580
586
580
581
581
580
576
581
576
1093
1094
577
582
582
577
578
582
578
583
212
211
599
212
599
600
600
599
592
600
592
593
593
592
586
593
586
587
587
586
581
587
581
1096
610
609
607
607
609
185
607
185
184
184
185
771
184
771
778
778
771
779
778
779
91
91
779
90
91
90
424
424
90
423
424
423
416
416
423
415
416
415
409
149
150
801
801
150
796
801
796
802
802
796
797
802
797
803
803
797
798
803
798
804
804
798
799
804
799
805
805
799
800
805
800
806
806
800
141
806
141
140
140
141
611
140
611
1102
1102
611
1104
1102
1104
1103
185
609
186
186
609
612
186
612
187
1115
688
168
168
688
693
168
693
167
167
693
699
167
699
166
708
72
707
707
72
73
707
73
706
706
73
74
706
74
1080
1080
74
1121
1122
751
1123
1123
751
753
1123
753
1127
220
219
634
634
219
191
634
191
190
190
191
750
190
750
1124
1125
752
751
751
752
754
751
754
753
151
152
792
792
152
789
792
789
793
793
789
790
793
790
794
794
790
791
794
791
795
795
791
143
795
143
142
142
143
620
142
620
615
615
620
619
615
619
614
614
619
618
614
618
613
613
618
617
613
617
1106
1106
617
616
1106
616
1107
1107
616
188
1107
188
756
756
188
1130
756
1130
757
757
1130
1131
757
1131
758
758
1131
1132
758
762
757
757
762
761
757
761
756
756
761
760
756
760
1107
1107
760
1134
1141
1140
94
94
1140
821
94
821
93
93
821
138
93
138
5
5
138
183
5
183
92
92
183
778
92
778
91
11
237
246
246
237
822
246
822
247
247
822
823
247
823
248
248
823
825
248
825
249
249
825
828
249
828
250
250
828
832
250
832
251
1142
240
1143
1143
240
831
1143
831
1144
1144
831
835
1144
835
834
957
956
950
950
956
949
950
949
944
944
949
943
944
943
939
939
943
938
939
938
935
935
938
934
935
934
932
932
934
931
932
931
930
930
931
274
930
274
273
273
274
966
273
966
237
237
966
238
237
238
822
822
238
824
822
824
823
823
824
826
823
826
825
825
826
829
825
829
828
828
829
833
828
833
832
832
833
1149
1026
1027
255
255
1027
858
255
858
256
256
858
859
256
859
257
257
859
861
257
861
258
421
87
420
420
87
86
420
86
419
419
86
85
419
85
418
418
85
84
418
84
47
47
84
4
47
4
83
83
4
174
83
174
742
742
174
175
742
175
735
735
175
176
735
176
729
729
176
177
729
177
724
724
177
178
724
178
720
720
178
179
720
179
717
717
179
180
717
180
715
715
180
181
715
181
714
714
181
182
714
182
1016
1016
182
8
1016
8
1017
1017
8
263
1017
263
886
886
263
262
886
262
879
879
262
261
879
261
873
873
261
260
873
260
868
868
260
259
868
259
864
864
259
1150
864
1150
1151
127
128
569
569
128
209
569
209
208
208
209
1035
208
1035
887
887
1035
1034
887
1034
880
880
1034
1033
880
1033
874
874
1033
1032
874
1032
869
869
1032
1031
869
1031
865
865
1031
1152
1029
1028
860
1029
860
862
862
860
863
862
863
866
866
863
867
866
867
1155
1155
867
872
1155
872
1156
922
271
915
915
271
270
915
270
909
909
270
269
909
269
904
904
269
268
904
268
900
900
268
267
900
267
897
897
267
266
897
266
895
895
266
265
895
265
894
894
265
264
894
264
255
255
264
1036
1158
1150
1159
1159
1150
259
1159
259
1160
1160
259
260
1160
260
1165
1165
260
261
1165
261
1168
1168
261
262
1168
262
1171
1171
262
263
1171
263
210
210
263
8
210
8
182
1161
1162
1163
1163
1162
913
1163
913
919
1175
1174
929
929
1174
928
929
928
921
921
928
920
921
920
914
914
920
1164
914
1164
908
908
1164
907
908
907
903
903
907
902
903
902
899
899
902
898
899
898
896
896
898
895
896
895
894
271
957
270
270
957
950
270
950
269
269
950
944
269
944
268
268
944
939
268
939
267
267
939
935
267
935
266
266
935
932
266
932
265
265
932
930
265
930
264
264
930
273
264
273
1037
237
1038
273
955
954
948
948
954
947
948
947
942
942
947
941
942
941
937
937
941
936
937
936
933
933
936
276
933
276
275
275
276
971
275
971
968
968
971
970
968
970
967
967
970
969
967
969
239
239
969
1176
952
951
945
945
951
279
945
279
278
278
279
986
278
986
980
980
986
985
980
985
979
979
985
984
979
984
1179
1179
984
1180
233
996
997
997
996
989
997
989
990
990
989
983
990
983
1181
30
31
318
318
31
320
318
320
319
319
320
322
319
322
321
321
322
325
321
325
324
324
325
329
324
329
328
328
329
334
328
334
333
333
334
340
333
340
339
339
340
347
339
347
346
346
347
67
346
67
66
66
67
713
66
713
111
111
713
112
111
112
498
498
112
500
498
500
1075
1041
1040
32
32
1040
1039
32
1039
355
1077
500
113
113
500
112
113
112
705
705
112
713
705
713
712
712
713
67
712
67
68
68
67
347
68
347
348
348
347
340
348
340
341
341
340
334
341
334
335
335
334
329
335
329
330
330
329
325
330
325
326
326
325
322
326
322
323
323
322
320
1044
327
332
332
327
34
332
34
35
35
34
364
35
364
369
369
364
370
369
370
376
376
370
377
376
377
384
384
377
385
384
385
78
331
337
336
336
337
343
336
343
342
342
343
350
342
350
349
349
350
70
349
70
69
69
70
710
69
710
711
711
710
703
711
703
704
704
703
697
704
697
698
698
697
1120
698
1120
114
1025
1024
747
1025
747
78
78
747
77
78
77
384
384
77
383
384
383
376
376
383
375
376
375
369
369
375
36
369
36
35
35
36
338
35
338
332
332
338
1045
332
1045
1044
337
344
343
343
344
351
343
351
350
350
351
71
350
71
70
70
71
709
70
709
710
710
709
702
710
702
703
703
702
696
703
696
697
697
696
1119
697
1119
1120
1023
1022
733
1023
733
1024
1024
733
740
1024
740
747
747
740
748
747
748
77
77
748
76
77
76
383
383
76
382
383
382
375
375
382
37
375
37
36
36
37
345
36
345
338
338
345
1046
338
1046
1045
72
352
73
73
352
1049
73
1049
74
3
1050
38
38
1050
353
83
742
82
83
82
389
389
82
388
389
388
381
381
388
380
381
380
374
374
380
373
374
373
368
368
373
367
368
367
363
363
367
362
363
362
359
359
362
358
359
358
356
356
358
1006
356
1006
354
354
1006
1005
354
1005
1051
1051
1052
354
354
1052
40
354
40
356
356
40
41
356
41
359
359
41
42
359
42
363
363
42
43
363
43
368
368
43
44
368
44
374
374
44
45
374
45
381
381
45
46
381
46
389
389
46
47
389
47
83
360
33
357
357
33
32
357
32
355
742
735
743
742
743
82
82
743
81
82
81
388
388
81
387
388
387
380
380
387
379
380
379
373
373
379
372
373
372
367
367
372
366
367
366
362
362
366
1008
362
1008
358
358
1008
1007
358
1007
1006
365
360
361
361
360
357
735
729
736
735
736
743
743
736
744
743
744
81
81
744
80
81
80
387
387
80
386
387
386
379
379
386
378
379
378
372
372
378
1010
372
1010
366
366
1010
1009
366
1009
1008
729
724
730
729
730
736
736
730
737
736
737
744
744
737
745
744
745
80
80
745
79
80
79
386
386
79
1012
386
1012
378
378
1012
1011
378
1011
1010
724
720
725
724
725
730
730
725
731
730
731
737
737
731
738
737
738
745
745
738
746
745
746
79
79
746
1013
79
1013
1012
1052
390
40
40
390
391
40
391
41
41
391
393
41
393
42
42
393
396
42
396
43
43
396
400
43
400
44
44
400
405
44
405
45
45
405
411
45
411
46
46
411
418
46
418
47
390
392
391
391
392
394
391
394
393
393
394
397
393
397
396
396
397
401
396
401
400
400
401
406
400
406
405
405
406
412
405
412
411
411
412
419
411
419
418
420
419
412
420
412
413
413
412
406
413
406
407
407
406
401
407
401
402
402
401
397
402
397
398
398
397
394
398
394
395
395
394
392
395
392
1055
421
420
413
421
413
414
414
413
407
414
407
408
408
407
402
408
402
403
403
402
398
403
398
399
399
398
395
399
395
51
51
395
1055
51
1055
429
50
49
427
50
427
1056
1056
427
430
1056
430
433
1060
1059
442
442
1059
1058
442
1058
437
437
1058
1057
437
1057
433
433
1057
1056
93
5
56
93
56
454
454
56
55
454
55
447
447
55
54
447
54
441
441
54
53
441
53
436
436
53
52
436
52
432
441
448
447
447
448
455
447
455
454
454
455
94
454
94
93
23
24
287
287
24
291
287
291
290
290
291
295
290
295
294
294
295
300
294
300
299
299
300
306
299
306
305
305
306
313
305
313
312
312
313
60
312
60
59
59
60
675
59
675
676
676
675
668
676
668
669
669
668
1108
669
1108
104
104
1108
105
104
105
467
479
486
485
485
486
493
485
493
492
492
493
231
492
231
230
230
231
999
230
999
1000
1000
999
992
1000
992
993
993
992
986
993
986
279
998
1073
232
232
1073
1072
232
1072
494
494
1072
1071
663
1074
158
158
1074
499
158
499
501
501
499
502
501
502
505
505
502
506
505
506
510
510
506
511
510
511
516
516
511
517
516
517
523
523
517
524
523
524
531
531
524
532
531
532
198
198
532
199
200
199
533
533
199
532
533
532
525
525
532
524
525
524
518
518
524
517
518
517
512
512
517
511
512
511
507
507
511
506
507
506
503
503
506
502
503
502
1076
1076
502
499
507
1079
115
115
1079
692
115
692
687
687
692
691
687
691
686
686
691
690
686
690
685
685
690
689
685
689
684
684
689
1116
684
1116
169
537
168
167
537
167
535
535
167
166
535
166
534
84
85
785
84
785
129
129
785
130
129
130
570
570
130
572
570
572
571
571
572
574
571
574
573
1088
572
131
131
572
130
131
130
777
777
130
785
777
785
784
784
785
85
784
85
86
86
87
783
86
783
784
784
783
776
784
776
777
777
776
770
777
770
131
131
770
132
131
132
1088
210
182
598
598
182
181
598
181
591
591
181
180
591
180
585
585
180
179
585
179
580
580
179
178
580
178
576
576
178
177
576
177
573
573
177
176
573
176
571
571
176
175
571
175
570
570
175
174
570
174
129
129
174
4
129
4
84
915
909
916
915
916
923
923
916
924
923
924
216
216
924
215
216
215
603
603
215
1099
603
1099
595
595
1099
1098
595
1098
588
588
1098
1097
588
1097
582
587
594
593
593
594
601
593
601
600
600
601
213
600
213
212
926
213
214
214
213
601
214
601
602
602
601
594
909
904
910
909
910
916
916
910
917
916
917
924
924
917
925
924
925
215
215
925
1100
215
1100
1099
138
821
139
138
139
606
606
139
608
606
608
607
148
149
807
807
149
801
807
801
808
808
801
802
808
802
809
809
802
803
809
803
810
810
803
804
810
804
811
811
804
805
811
805
812
812
805
806
812
806
813
813
806
140
813
140
1101
1101
140
1102
150
151
796
796
151
792
796
792
797
797
792
793
797
793
798
798
793
794
798
794
799
799
794
795
799
795
800
800
795
142
800
142
141
141
142
615
141
615
611
611
615
614
611
614
1104
1104
614
613
1104
613
1105
1105
613
1106
152
153
789
789
153
787
789
787
790
790
787
788
790
788
791
791
788
144
791
144
143
143
144
626
143
626
620
620
626
625
620
625
619
619
625
624
619
624
618
618
624
623
618
623
617
617
623
622
617
622
616
616
622
621
616
621
188
188
621
189
153
154
787
787
154
786
787
786
788
788
786
145
788
145
144
144
145
633
144
633
626
626
633
632
626
632
625
625
632
631
625
631
624
624
631
630
624
630
623
623
630
629
623
629
622
622
629
628
622
628
621
621
628
627
621
627
189
189
627
190
193
192
526
526
192
164
526
164
163
163
164
642
163
642
643
643
642
644
643
644
646
646
644
647
646
647
650
650
647
651
650
651
655
655
651
656
655
656
661
661
656
662
192
6
164
164
6
110
164
110
642
642
110
109
642
109
644
644
109
108
644
108
647
647
108
107
647
107
651
651
107
106
651
106
656
656
106
1064
656
1064
662
198
197
531
531
197
530
531
530
523
523
530
522
523
522
516
516
522
515
516
515
510
510
515
509
510
509
505
505
509
504
505
504
501
501
504
159
501
159
158
158
159
657
158
657
663
663
657
664
197
196
530
530
196
529
530
529
522
522
529
521
522
521
515
515
521
514
515
514
509
509
514
508
509
508
504
504
508
160
504
160
159
159
160
652
159
652
657
657
652
658
657
658
664
664
658
665
196
195
529
529
195
528
529
528
521
521
528
520
521
520
514
514
520
513
514
513
508
508
513
161
508
161
160
160
161
648
160
648
652
652
648
653
652
653
658
658
653
659
658
659
665
665
659
666
195
194
528
528
194
527
528
527
520
520
527
519
520
519
513
513
519
162
513
162
161
161
162
645
161
645
648
648
645
649
648
649
653
653
649
654
653
654
659
659
654
660
659
660
666
666
660
667
194
193
527
527
193
526
527
526
519
519
526
163
519
163
162
162
163
643
162
643
645
645
643
646
645
646
649
649
646
650
649
650
654
654
650
655
654
655
660
660
655
661
660
661
667
24
25
291
291
25
296
291
296
295
295
296
301
295
301
300
300
301
307
300
307
306
306
307
314
306
314
313
313
314
61
313
61
60
60
61
674
60
674
675
675
674
1110
675
1110
668
668
1110
1109
668
1109
1108
156
157
670
670
157
1111
670
1111
671
671
1111
1112
671
1112
672
672
1112
1113
672
1113
673
673
1113
1114
673
1114
674
674
1114
1110
700
699
693
700
693
694
694
693
688
694
688
1117
701
700
694
701
694
695
695
694
1117
695
1117
1118
725
720
721
721
720
717
721
717
718
718
717
715
718
715
716
716
715
714
716
714
1018
1018
714
1016
1020
1019
126
126
1019
127
126
127
561
561
127
569
561
569
568
568
569
208
568
208
207
207
208
887
207
887
888
888
887
880
888
880
881
881
880
874
881
874
875
875
874
869
875
869
870
870
869
865
870
865
1154
731
725
726
726
725
721
726
721
722
722
721
718
722
718
719
719
718
716
738
731
732
732
731
726
732
726
727
727
726
722
746
738
739
739
738
732
135
1126
136
136
1126
750
136
750
137
137
750
191
137
191
9
9
191
219
754
752
755
755
752
1128
755
1128
1129
423
90
89
89
90
780
89
780
781
781
780
773
781
773
774
774
773
1138
774
1138
768
768
1138
1135
768
1135
763
763
1135
1133
763
1133
759
759
1133
755
759
755
1129
415
423
422
422
423
89
422
89
88
88
89
781
88
781
782
782
781
774
782
774
775
775
774
768
775
768
769
769
768
763
769
763
764
764
763
759
764
759
133
133
759
1129
186
1136
765
765
1136
766
765
766
772
772
766
773
772
773
780
762
767
761
761
767
1137
761
1137
760
773
766
1138
431
435
434
434
435
439
434
439
438
438
439
444
438
444
443
443
444
450
443
450
449
449
450
457
449
457
456
456
457
96
456
96
95
95
96
819
95
819
820
820
819
812
820
812
813
1140
1139
821
821
1139
139
956
955
949
949
955
948
949
948
943
943
948
942
943
942
938
938
942
937
938
937
934
934
937
933
934
933
931
931
933
275
931
275
274
274
275
968
274
968
966
966
968
967
966
967
238
238
967
239
238
239
824
824
239
827
824
827
826
826
827
830
826
830
829
1146
1145
834
834
1145
1144
741
734
122
122
734
123
122
123
539
539
123
543
539
543
542
542
543
547
542
547
546
546
547
552
546
552
551
551
552
558
551
558
557
557
558
565
557
565
564
564
565
204
564
204
203
203
204
891
203
891
892
892
891
884
892
884
885
885
884
878
885
878
252
252
878
1147
252
1147
837
837
1147
1148
837
1148
838
251
872
250
250
872
867
250
867
249
249
867
863
249
863
248
248
863
860
248
860
247
247
860
1028
247
1028
246
866
1153
862
862
1153
1030
862
1030
1029
723
1020
125
125
1020
126
125
126
554
554
126
561
554
561
560
560
561
568
560
568
567
567
568
207
567
207
206
206
207
888
206
888
889
889
888
881
889
881
882
882
881
875
882
875
876
876
875
870
876
870
871
871
870
1154
728
723
124
124
723
125
124
125
548
548
125
554
548
554
553
553
554
560
553
560
559
559
560
567
559
567
566
566
567
206
566
206
205
205
206
889
205
889
890
890
889
882
890
882
883
883
882
876
883
876
877
877
876
871
734
728
123
123
728
124
123
124
543
543
124
548
543
548
547
547
548
553
547
553
552
552
553
559
552
559
558
558
559
566
558
566
565
565
566
205
565
205
204
204
205
890
204
890
891
891
890
883
891
883
884
884
883
877
884
877
878
878
877
1157
878
1157
1147
258
899
257
257
899
896
257
896
256
256
896
894
256
894
255
904
900
905
905
900
901
905
901
906
906
901
902
906
902
907
925
917
918
918
917
911
918
911
912
912
911
906
214
1169
926
926
1169
1166
926
1166
919
919
1166
1163
1174
1173
928
928
1173
927
928
927
920
920
927
1167
920
1167
1164
1173
1172
927
927
1172
1170
927
1170
1167
1177
973
972
1177
972
240
240
972
241
240
241
831
831
241
836
831
836
835
954
953
947
947
953
946
947
946
941
941
946
940
941
940
936
936
940
277
936
277
276
276
277
975
276
975
971
971
975
974
971
974
970
970
974
1178
970
1178
969
996
988
989
989
988
982
989
982
983
983
982
977
983
977
978
978
977
973
953
952
946
946
952
945
946
945
940
940
945
278
940
278
277
277
278
980
277
980
975
975
980
979
975
979
974
974
979
1179
974
1179
1178
986
992
985
985
992
991
985
991
984
984
991
1182
494
233
232
232
233
997
232
997
998
998
997
990
1182
991
1183
1183
991
999
1183
999
231
21
22
282
282
22
284
282
284
283
283
284
286
283
286
285
285
286
289
285
289
288
288
289
293
288
293
292
292
293
298
292
298
297
297
298
304
297
304
303
303
304
311
303
311
310
310
311
58
310
58
57
57
58
677
57
677
102
102
677
103
102
103
462
462
103
464
462
464
463
463
464
466
463
466
465
22
23
284
284
23
287
284
287
286
286
287
290
286
290
289
289
290
294
289
294
293
293
294
299
293
299
298
298
299
305
298
305
304
304
305
312
304
312
311
311
312
59
311
59
58
58
59
676
58
676
677
677
676
669
677
669
103
103
669
104
103
104
464
464
104
467
464
467
466
25
26
296
296
26
302
296
302
301
301
302
308
301
308
307
307
308
315
307
315
314
314
315
62
314
62
61
61
62
673
61
673
674
26
27
302
302
27
309
302
309
308
308
309
316
308
316
315
315
316
63
315
63
62
62
63
672
62
672
673
27
28
309
309
28
317
309
317
316
316
317
64
316
64
63
63
64
671
63
671
672
28
29
317
317
29
65
317
65
64
64
65
670
64
670
671
29
2
65
65
2
156
65
156
670
1041
32
33
5
92
56
56
92
425
56
425
55
55
425
417
55
417
54
54
417
410
54
410
53
53
410
404
53
404
52
92
91
425
425
91
424
425
424
417
417
424
416
417
416
410
410
416
409
410
409
404
428
430
427
428
427
426
426
427
49
426
49
48
435
440
439
439
440
445
439
445
444
444
445
451
444
451
450
450
451
458
450
458
457
457
458
97
457
97
96
96
97
818
96
818
819
819
818
811
819
811
812
440
446
445
445
446
452
445
452
451
451
452
459
451
459
458
458
459
98
458
98
97
97
98
817
97
817
818
818
817
810
818
810
811
446
453
452
452
453
460
452
460
459
459
460
99
459
99
98
98
99
816
98
816
817
817
816
809
817
809
810
453
461
460
460
461
100
460
100
99
99
100
815
99
815
816
816
815
808
816
808
809
461
101
100
100
101
814
100
814
815
815
814
807
815
807
808
478
479
485
478
485
484
484
485
492
484
492
491
491
492
230
491
230
229
229
230
1000
229
1000
1001
1001
1000
993
1001
993
280
280
993
279
280
279
951
169
170
684
684
170
681
684
681
685
685
681
682
685
682
686
686
682
683
686
683
687
687
683
116
687
116
115
115
116
512
115
512
507
170
171
681
681
171
679
681
679
682
682
679
680
682
680
683
683
680
117
683
117
116
116
117
518
116
518
512
171
172
679
679
172
678
679
678
680
680
678
118
680
118
117
117
118
525
117
525
518
172
173
678
678
173
119
678
119
118
118
119
533
118
533
525
173
7
119
119
7
200
119
200
533
582
583
588
588
583
589
588
589
595
595
589
596
595
596
603
603
596
604
603
604
216
216
604
217
216
217
923
923
217
922
923
922
915
607
184
606
606
184
183
606
183
138
154
155
786
786
155
146
786
146
145
145
146
641
145
641
633
633
641
640
633
640
632
632
640
639
632
639
631
631
639
638
631
638
630
630
638
637
630
637
629
629
637
636
629
636
628
628
636
635
628
635
627
627
635
634
627
634
190
155
10
146
146
10
227
146
227
641
641
227
226
641
226
640
640
226
225
640
225
639
639
225
224
639
224
638
638
224
223
638
223
637
637
223
222
637
222
636
636
222
221
636
221
635
635
221
220
635
220
634
780
90
779
780
779
772
772
779
771
772
771
765
765
771
185
765
185
186
183
184
778
101
147
814
814
147
148
814
148
807
973
977
972
972
977
976
972
976
241
241
976
242
241
242
836
895
898
897
897
898
901
897
901
900
901
898
902
904
905
910
910
905
911
910
911
917
911
905
906
242
976
981
981
976
982
981
982
988
982
976
977
999
991
992
2
0
Red faction 
0
1
Blue faction 
1

faction 1 city
73
